6	9429	166809049664	0	1
6	6937	166809052414	0	1
7	4946	166809054276	1	1
0	681	166809060105	0	1
7	3176	166809062147	0	1
6	1234	166809063481	1	1
5	6936	166809065654	0	1
1	2556	166809074451	0	0
8	62	166809082249	0	0
3	8191	166809084327	0	1
4	8723	166809092975	1	1
2	8082	166809096159	1	0
1	4436	166809100500	0	1
7	8807	166809106120	0	0
0	8178	166809114575	0	1
2	9434	166809121504	0	1
1	569	166809123089	1	0
5	6220	166809128757	1	1
0	689	166809136457	0	1
7	3178	166809141059	0	1
7	3200	166809142851	0	1
3	6312	166809151782	0	0
5	3801	166809157364	0	0
7	5693	166809163717	0	1
5	3175	166809166067	0	1
0	7535	166809168527	0	0
3	7546	166809174823	0	0
6	3183	166809177019	0	1
1	6298	166809178518	0	0
2	75	166809180889	0	0
4	1943	166809183146	0	1
7	1923	166809194626	0	1
0	8199	166809198799	0	1
2	1297	166809199898	0	0
6	3813	166809205884	0	0
3	5707	166809207013	0	1
1	684	166809215953	0	1
7	1315	166809238978	0	0
6	1921	166809242874	0	1
6	1313	166809250426	0	0
0	4970	166809255372	1	1
5	8198	166809278199	0	1
6	9448	166809279616	0	1
6	9440	166809280896	0	1
2	7567	166809294879	0	0
7	5058	166809299397	0	0
2	3808	166809305884	0	0
5	3821	166809307380	0	0
6	2461	166809313210	1	1
5	8080	166809316471	1	0
0	8814	166809321296	0	0
4	4452	166809327596	0	1
7	1317	166809330370	0	0
6	9441	166809334656	0	1
3	4329	166809348260	1	0
4	3175	166809353323	0	1
5	9454	166809354296	0	1
6	3171	166809359803	0	1
2	682	166809360729	0	1
3	7458	166809361830	1	1
1	64	166809369809	0	0
6	5703	166809382717	0	1
5	4958	166809383604	1	1
4	6314	166809385134	0	0
1	6937	166809390486	0	1
1	687	166809391377	0	1
6	2560	166809392379	0	0
7	4432	166809399108	0	1
3	5061	166809402341	0	0
3	2564	166809404771	0	0
1	665	166809410129	0	1
4	5677	166809411629	0	1
4	5671	166809417133	0	1
3	1319	166809423778	0	0
0	8185	166809427663	0	1
4	3819	166809442988	0	0
2	5674	166809448861	0	1
2	1951	166809449818	0	1
7	1928	166809469698	0	1
1	1314	166809470610	0	0
8	57	166809472969	0	0
2	3695	166809474651	1	1
4	4429	166809476012	0	1
5	6942	166809478198	0	1
4	2564	166809481323	0	0
0	3810	166809483724	0	0
3	3110	166809488419	1	0
6	7538	166809489599	0	0
5	58	166809493745	0	0
6	7573	166809496895	0	0
5	8098	166809500663	1	0
4	3822	166809505900	0	0
7	694	166809509313	0	1
6	6927	166809513918	0	1
2	2452	166809519834	1	1
3	9330	166809527144	1	0
5	3171	166809529779	0	1
0	5698	166809535757	0	1
3	6926	166809538790	0	1
8	68	166809549897	0	0
5	5055	166809554293	0	0
0	5058	166809563853	0	0
5	67	166809569137	0	0
3	6926	166809571494	0	1
3	9444	166809572584	0	1
6	6321	166809574846	0	0
5	3809	166809577140	0	0
0	4341	166809580940	1	0
7	689	166809589377	0	1
4	8800	166809596016	0	0
3	5038	166809598181	0	0
1	8185	166809602583	0	1
4	7574	166809614831	0	0
5	4328	166809625716	1	0
7	6952	166809636294	0	1
3	2446	166809641890	1	1
3	3815	166809646884	0	0
5	8192	166809648951	0	1
4	7446	166809652590	1	1
0	8082	166809655951	1	0
1	5684	166809669909	0	1
2	3176	166809673883	0	1
8	62	166809686025	0	0
6	7545	166809689279	0	0
5	5686	166809691765	0	1
0	696	166809692873	0	1
7	6231	166809696965	1	1
2	5702	166809704733	0	1
0	8203	166809709775	0	1
6	1926	166809716282	0	1
1	5062	166809718741	0	0
3	6307	166809721126	0	0
2	6932	166809731806	0	1
0	3091	166809735179	1	0
7	5672	166809738373	0	1
0	4443	166809742348	0	1
5	8181	166809743863	0	1
6	689	166809747385	0	1
7	1216	166809750337	1	1
0	6203	166809751757	1	1
7	4354	166809753988	1	0
5	62	166809759153	0	0
4	8815	166809779248	0	0
6	687	166809784889	0	1
2	9453	166809793568	0	1
1	6932	166809795798	0	1
5	7562	166809797687	0	0
6	3168	166809799931	0	1
4	7561	166809811503	0	0
1	8082	166809817623	1	0
0	8808	166809820432	0	0
1	8812	166809826264	0	0
0	688	166809828681	0	1
5	686	166809831153	0	1
5	51	166809836017	0	0
2	8814	166809841312	0	0
4	2551	166809845483	0	0
7	3179	166809853315	0	1
3	1317	166809854434	0	0
2	5077	166809859741	0	0
6	705	166809860921	0	1
6	9962	166809861824	1	1
6	1941	166809863802	0	1
2	3721	166809865051	1	1
6	5693	166809868541	0	1
0	6307	166809870286	0	0
6	9960	166809879616	1	1
6	2566	166809880891	0	0
5	6854	166809885046	1	0
3	9970	166809907176	1	1
2	1828	166809910874	1	0
1	6309	166809916950	0	0
5	678	166809919665	0	1
4	8176	166809921775	0	1
2	9445	166809934688	0	1
8	40	166809936841	0	0
3	6860	166809937702	1	0
6	4438	166809939580	0	1
6	3825	166809940924	0	0
8	54	166809952201	0	0
0	1818	166809953418	1	0
2	2571	166809965915	0	0
1	8819	166809968856	0	0
4	3077	166809973099	1	0
0	5668	166809975693	0	1
6	1305	166809984570	0	0
4	3813	166809987692	0	0
5	4424	166809991220	0	1
3	8065	166809992359	1	0
6	5692	166810003325	0	1
6	1315	166810006394	0	0
3	8816	166810007528	0	0
3	689	166810008545	0	1
3	8711	166810015207	1	1
7	7452	166810022790	1	1
2	6311	166810035102	0	0
1	2457	166810037842	1	1
7	3097	166810041603	1	0
5	3817	166810044340	0	0
2	9970	166810052320	1	1
3	1311	166810057314	0	0
3	3166	166810061539	0	1
6	9455	166810064512	0	1
7	8805	166810078664	0	0
7	3819	166810079556	0	0
7	1933	166810081026	0	1
4	682	166810085801	0	1
2	8799	166810094368	0	0
4	8081	166810096047	1	0
3	1840	166810097890	1	0
3	4337	166810110052	1	0
4	571	166810111913	1	0
1	7554	166810113431	0	0
3	5050	166810119269	0	0
4	6320	166810120558	0	0
0	2537	166810121739	0	0
7	5062	166810130757	0	0
0	8804	166810131664	0	0
5	682	166810133745	0	1
1	1317	166810140370	0	0
4	1932	166810142058	0	1
0	5671	166810143245	0	1
5	8196	166810148279	0	1
5	6190	166810149365	1	1
2	1307	166810151386	0	0
0	1817	166810159626	1	0
5	3803	166810166132	0	0
0	6938	166810170062	0	1
2	6300	166810175262	0	0
6	2537	166810176571	0	0
5	8068	166810181943	1	0
7	7564	166810185351	0	0
7	5678	166810190405	0	1
4	4421	166810199724	0	1
4	7573	166810202863	0	0
6	8082	166810204415	1	0
2	4411	166810206620	0	1
6	3815	166810216700	0	0
3	5682	166810219429	0	1
3	5064	166810230181	0	0
7	66	166810236289	0	0
5	6221	166810237877	1	1
4	5040	166810239853	0	0
7	6328	166810241542	0	0
7	6308	166810245510	0	0
6	9416	166810255424	0	1
2	2573	166810260251	0	0
6	5691	166810265405	0	1
6	9441	166810270592	0	1
5	7561	166810272951	0	0
0	1840	166810282314	1	0
5	5066	166810283573	0	0
0	6313	166810292302	0	0
6	8104	166810293439	1	0
0	5681	166810305741	0	1
1	7575	166810317015	0	0
1	8822	166810319576	0	0
2	1299	166810323866	0	0
1	8810	166810326360	0	0
5	8813	166810335864	0	0
5	74	166810338161	0	0
5	3816	166810339380	0	0
2	4433	166810342172	0	1
2	9420	166810346528	0	1
3	3202	166810352291	0	1
3	3093	166810354723	1	0
0	4961	166810356812	1	1
7	61	166810364481	0	0
7	1209	166810366337	1	1
0	1322	166810368458	0	0
3	7552	166810375975	0	0
0	6952	166810383758	0	1
2	8806	166810388896	0	0
1	5690	166810390933	0	1
5	6927	166810394294	0	1
4	5692	166810399661	0	1
6	3823	166810408380	0	0
3	1921	166810409506	0	1
7	4351	166810412228	1	0
7	8817	166810417928	0	0
7	6310	166810421574	0	0
4	1839	166810437994	1	0
3	5045	166810453669	0	0
3	3190	166810455203	0	1
5	2557	166810464627	0	0
0	4432	166810476620	0	1
3	673	166810482593	0	1
1	8083	166810491927	1	0
5	3172	166810494579	0	1
7	3817	166810499716	0	0
0	1841	166810501706	1	0
3	8180	166810509479	0	1
2	1935	166810511706	0	1
1	8806	166810519768	0	0
3	4449	166810522148	0	1
0	4953	166810529420	1	1
7	699	166810537601	0	1
6	9436	166810540352	0	1
1	3824	166810545236	0	0
5	608	166810558449	1	0
0	9963	166810570512	1	1
7	696	166810586177	0	1
3	5673	166810587877	0	1
2	5564	166810596957	1	0
5	3807	166810598772	0	0
4	2553	166810607339	0	0
0	7577	166810609551	0	0
8	66	166810613321	0	0
1	8076	166810616599	1	0
1	7456	166810624726	1	1
4	9435	166810627248	0	1
5	3805	166810628532	0	0
5	3693	166810630387	1	1
1	4425	166810631316	0	1
6	8808	166810650752	0	0
1	690	166810652753	0	1
1	8176	166810656151	0	1
0	7560	166810657231	0	0
0	7567	166810672271	0	0
2	8180	166810674271	0	1
0	8731	166810676623	1	1
4	9439	166810677744	0	1
0	1937	166810681098	0	1
4	8725	166810682607	1	1
0	2562	166810686027	0	0
4	8186	166810700655	0	1
5	6315	166810708022	0	0
5	9444	166810714616	0	1
0	3190	166810721611	0	1
5	1313	166810724786	0	0
5	9435	166810728696	0	1
0	2541	166810729739	0	0
1	676	166810733265	0	1
1	6320	166810734870	0	0
2	8811	166810743584	0	0
1	1927	166810745874	0	1
0	8205	166810746895	0	1
1	1298	166810751378	0	0
2	7564	166810752799	0	0
4	6319	166810763822	0	0
5	3191	166810767859	0	1
3	8093	166810778599	1	0
3	4423	166810786148	0	1
2	6943	166810787742	0	1
5	3073	166810789363	1	0
5	9443	166810794360	0	1
4	1817	166810795306	1	0
2	1839	166810797082	1	0
1	9327	166810801304	1	0
6	3818	166810802364	0	0
3	8811	166810803880	0	0
5	61	166810809521	0	0
5	8809	166810825336	0	0
6	3187	166810827707	0	1
0	5677	166810834061	0	1
5	76	166810843825	0	0
4	8808	166810860784	0	0
5	5066	166810863285	0	0
4	4447	166810868140	0	1
0	7460	166810873038	1	1
1	1306	166810873938	0	0
2	4974	166810874972	1	1
2	6847	166810877598	1	0
5	1941	166810880626	0	1
6	3804	166810881532	0	0
6	1926	166810903610	0	1
3	66	166810904929	0	0
5	3186	166810907891	0	1
2	8690	166810908831	1	1
3	61	166810914913	0	0
4	1822	166810916202	1	0
3	3724	166810920227	1	1
1	6941	166810927190	0	1
2	5681	166810931101	0	1
6	9440	166810941120	0	1
6	8724	166810953855	1	1
4	6945	166810957038	0	1
4	5683	166810979181	0	1
0	5688	166810980429	0	1
4	5052	166810988781	0	0
0	5064	166810994317	0	0
2	4961	166811002908	1	1
2	9961	166811012896	1	1
5	5689	166811015669	0	1
6	7554	166811020735	0	0
7	1319	166811027074	0	0
7	7562	166811028615	0	0
0	6287	166811029646	0	0
3	5604	166811035493	1	0
5	6289	166811040054	0	0
3	4427	166811041060	0	1
1	701	166811042897	0	1
7	5686	166811080517	0	1
4	5057	166811083181	0	0
1	3812	166811092628	0	0
2	9949	166811096096	1	1
3	6303	166811103270	0	0
2	5068	166811105757	0	0
5	4968	166811109364	1	1
0	1322	166811118410	0	0
4	4451	166811119340	0	1
2	3189	166811127835	0	1
4	3816	166811128748	0	0
1	8805	166811135064	0	0
4	6316	166811135982	0	0
2	4946	166811142428	1	1
1	6313	166811143446	0	0
0	7575	166811146511	0	0
5	5695	166811147573	0	1
7	8077	166811157127	1	0
7	4353	166811164868	1	0
4	7462	166811174702	1	1
6	8798	166811185728	0	0
2	1316	166811187354	0	0
7	6927	166811190662	0	1
0	6928	166811203214	0	1
2	684	166811206425	0	1
0	7560	166811211471	0	0
4	4431	166811215916	0	1
7	8182	166811221511	0	1
1	3189	166811223699	0	1
7	9433	166811228168	0	1
6	8195	166811230719	0	1
5	5036	166811232373	0	0
6	9322	166811238720	1	0
4	700	166811257513	0	1
3	9438	166811259944	0	1
5	7581	166811261431	0	0
3	5679	166811266085	0	1
2	7559	166811267615	0	0
2	3185	166811269979	0	1
6	8188	166811274239	0	1
2	5073	166811278621	0	0
6	1931	166811283962	0	1
2	9436	166811309600	0	1
4	1922	166811320938	0	1
5	3811	166811328372	0	0
8	69	166811329289	0	0
3	8793	166811331816	0	0
2	6933	166811334174	0	1
5	5062	166811342645	0	0
2	1943	166811349018	0	1
4	8819	166811349936	0	0
0	5685	166811356109	0	1
0	7456	166811357902	1	1
0	6934	166811360334	0	1
6	8705	166811380607	1	1
0	5680	166811382285	0	1
5	5681	166811383413	0	1
3	9984	166811388904	1	1
5	605	166811390705	1	0
1	6232	166811395989	1	1
2	2551	166811399579	0	0
4	3807	166811401260	0	0
2	2561	166811411547	0	0
2	9429	166811415328	0	1
7	2561	166811416771	0	0
3	9442	166811419048	0	1
6	74	166811421177	0	0
7	2569	166811437827	0	0
0	3805	166811440012	0	0
2	7571	166811447007	0	0
0	1950	166811454602	0	1
7	43	166811465153	0	0
5	7568	166811471671	0	0
6	9446	166811473408	0	1
4	3183	166811475499	0	1
0	3825	166811487948	0	0
0	5692	166811488973	0	1
5	4446	166811492660	0	1
2	5071	166811493725	0	0
2	6320	166811497246	0	0
1	5670	166811498389	0	1
5	1918	166811503602	0	1
1	1935	166811505874	0	1
2	1214	166811511257	1	1
0	3815	166811516300	0	0
8	61	166811518857	0	0
4	8818	166811520688	0	0
3	6926	166811522790	0	1
0	1214	166811528265	1	1
4	681	166811541865	0	1
3	8813	166811547240	0	0
1	8821	166811551192	0	0
7	8179	166811556423	0	1
2	5060	166811557789	0	0
2	5595	166811573213	1	0
1	5035	166811574421	0	0
0	9428	166811578256	0	1
6	3187	166811585723	0	1
7	50	166811586881	0	0
1	7549	166811590359	0	0
7	5044	166811593093	0	0
7	4434	166811598660	0	1
0	7548	166811600527	0	0
0	6925	166811606606	0	1
6	9429	166811619584	0	1
7	8187	166811620551	0	1
4	5061	166811628269	0	0
4	5683	166811635373	0	1
6	7566	166811653823	0	0
6	2570	166811657211	0	0
1	4425	166811662100	0	1
3	1233	166811663137	1	1
7	8814	166811674632	0	0
0	9424	166811677648	0	1
1	5675	166811683093	0	1
2	6830	166811686942	1	0
7	5052	166811688325	0	0
3	8814	166811696744	0	0
3	3823	166811702436	0	0
1	5596	166811704277	1	0
2	7564	166811716127	0	0
2	4433	166811717020	0	1
5	9315	166811718328	1	0
5	7570	166811719991	0	0
5	9441	166811726584	0	1
4	5598	166811732461	1	0
7	2444	166811733314	1	1
3	1832	166811734306	1	0
0	6325	166811741646	0	0
4	1916	166811744042	0	1
5	5051	166811744885	0	0
6	1823	166811746618	1	0
1	6956	166811751958	0	1
5	8825	166811763064	0	0
3	2548	166811767715	0	0
2	1318	166811770650	0	0
3	6833	166811773862	1	0
6	1307	166811775162	0	0
4	3197	166811776683	0	1
1	3813	166811786580	0	0
7	6916	166811789254	0	1
4	9453	166811791280	0	1
2	6934	166811792798	0	1
4	2560	166811796459	0	0
4	3700	166811798315	1	1
7	684	166811804353	0	1
5	8089	166811811767	1	0
4	8801	166811820592	0	0
4	697	166811821545	0	1
1	679	166811823825	0	1
2	5582	166811828829	1	0
2	691	166811836953	0	1
0	7570	166811844495	0	0
1	1855	166811846354	1	0
1	8803	166811848792	0	0
6	4434	166811850108	0	1
2	4327	166811851228	1	0
3	3727	166811855651	1	1
4	1836	166811856490	1	0
4	684	166811874089	0	1
0	1303	166811876234	0	0
3	1951	166811878690	0	1
0	6292	166811885774	0	0
1	8698	166811886615	1	1
1	3176	166811889107	0	1
2	1311	166811907226	0	0
3	58	166811911841	0	0
6	2449	166811920250	1	1
1	6322	166811924246	0	0
6	6919	166811939774	0	1
7	3181	166811941955	0	1
6	3807	166811944636	0	0
5	3102	166811945523	1	0
2	8691	166811958559	1	1
2	9450	166811966688	0	1
3	4444	166811974948	0	1
4	71	166811985897	0	0
2	70	166811987481	0	0
7	3081	166811988611	1	0
1	8811	166812009880	0	0
4	9445	166812013360	0	1
4	3808	166812014828	0	0
0	9436	166812017680	0	1
0	4352	166812020556	1	0
7	5074	166812028421	0	0
3	6188	166812029413	1	1
0	1933	166812031626	0	1
7	5055	166812032965	0	0
3	57	166812034081	0	0
2	1928	166812036122	0	1
0	9437	166812037328	0	1
5	5066	166812044789	0	0
0	6311	166812047502	0	0
1	69	166812050321	0	0
4	3180	166812053227	0	1
2	5693	166812057117	0	1
5	2462	166812063538	1	1
1	2561	166812066259	0	0
7	6289	166812068486	0	0
6	9414	166812071296	0	1
4	7579	166812073263	0	0
7	4411	166812074436	0	1
3	6936	166812083238	0	1
7	8821	166812089544	0	0
8	55	166812090889	0	0
3	677	166812095265	0	1
6	690	166812102137	0	1
4	687	166812103913	0	1
3	3820	166812109412	0	0
4	5071	166812111533	0	0
5	1920	166812112626	0	1
7	6318	166812114566	0	0
1	702	166812116049	0	1
7	6321	166812124806	0	0
4	1941	166812127018	0	1
1	9435	166812129368	0	1
4	9442	166812132080	0	1
4	8805	166812152816	0	0
7	2540	166812168259	0	0
6	3716	166812169403	1	1
5	6313	166812172470	0	0
3	6320	166812183846	0	0
1	9948	166812184792	1	1
2	8184	166812191711	0	1
7	5077	166812193605	0	0
2	701	166812200345	0	1
6	4433	166812207100	0	1
4	1931	166812218410	0	1
0	8179	166812221967	0	1
4	8715	166812229231	1	1
0	7563	166812231951	0	0
0	3800	166812233740	0	0
2	4432	166812236060	0	1
4	9428	166812241968	0	1
7	2562	166812252291	0	0
1	41	166812255633	0	0
5	7569	166812261815	0	0
0	7549	166812265679	0	0
7	71	166812267713	0	0
3	3079	166812269155	1	0
6	4440	166812270460	0	1
7	4952	166812271428	1	1
0	8180	166812276175	0	1
2	594	166812293913	1	0
5	697	166812295665	0	1
0	3165	166812301899	0	1
3	3193	166812307107	0	1
7	5062	166812310597	0	0
1	1932	166812313362	0	1
0	8716	166812314383	1	1
6	1316	166812317882	0	0
6	2554	166812321659	0	0
5	2563	166812324531	0	0
0	9344	166812330064	1	0
3	38	166812334049	0	0
2	8189	166812336095	0	1
5	70	166812337329	0	0
0	3194	166812344075	0	1
7	2568	166812351235	0	0
1	6946	166812355222	0	1
3	682	166812357025	0	1
0	2445	166812358026	1	1
4	679	166812361833	0	1
3	66	166812364385	0	0
4	5683	166812366701	0	1
1	1822	166812372626	1	0
6	3092	166812376635	1	0
4	4451	166812385580	0	1
2	9433	166812386976	0	1
6	6943	166812397182	0	1
1	5673	166812398869	0	1
1	6196	166812410517	1	1
2	4431	166812415708	0	1
2	6934	166812418718	0	1
3	2562	166812427683	0	0
7	1838	166812430786	1	0
0	8188	166812443599	0	1
3	6309	166812455206	0	0
0	3802	166812456780	0	0
4	3182	166812466923	0	1
4	8192	166812468015	0	1
4	690	166812471977	0	1
1	8184	166812473751	0	1
3	2569	166812479587	0	0
6	6939	166812482494	0	1
7	8811	166812484488	0	0
6	5042	166812492285	0	0
5	35	166812499697	0	0
7	3809	166812506372	0	0
4	1931	166812510058	0	1
4	5678	166812528749	0	1
0	4447	166812530316	0	1
4	55	166812545577	0	0
5	2567	166812550899	0	0
4	79	166812552169	0	0
4	1311	166812553770	0	0
3	671	166812556129	0	1
4	5680	166812562285	0	1
1	5680	166812565589	0	1
2	3809	166812573276	0	0
4	4450	166812575660	0	1
5	6289	166812578934	0	0
4	1934	166812582314	0	1
5	8810	166812585016	0	0
4	9970	166812592624	1	1
7	7456	166812595078	1	1
7	9429	166812597448	0	1
6	9451	166812599808	0	1
6	76	166812600825	0	0
6	6949	166812603518	0	1
5	3204	166812607795	0	1
2	3814	166812612892	0	0
3	9325	166812629224	1	0
1	9449	166812635672	0	1
6	3802	166812646588	0	0
0	6937	166812648846	0	1
4	3819	166812664300	0	0
5	9341	166812668472	1	0
3	9438	166812669928	0	1
1	8817	166812673944	0	0
2	3172	166812680923	0	1
7	2561	166812687875	0	0
7	680	166812690817	0	1
5	2454	166812696690	1	1
7	1910	166812699714	0	1
5	6293	166812708726	0	0
3	3195	166812711587	0	1
7	6923	166812717446	0	1
3	4443	166812729444	0	1
7	567	166812737921	1	0
5	5663	166812743477	0	1
1	1313	166812750610	0	0
3	44	166812757473	0	0
2	680	166812760537	0	1
5	9982	166812768696	1	1
7	4346	166812769540	1	0
6	67	166812777721	0	0
1	5674	166812779541	0	1
6	6320	166812787198	0	0
5	7556	166812791351	0	0
1	3807	166812797268	0	0
4	8187	166812800623	0	1
0	5064	166812803533	0	0
6	4959	166812805436	1	1
0	4451	166812806284	0	1
5	7569	166812829303	0	0
3	679	166812836641	0	1
0	9436	166812841296	0	1
4	40	166812853865	0	0
6	3189	166812855163	0	1
5	8715	166812858167	1	1
0	8821	166812859920	0	0
0	8801	166812872016	0	0
0	1953	166812873802	0	1
5	1193	166812874673	1	1
2	62	166812877081	0	0
6	5056	166812884541	0	0
4	3079	166812886123	1	0
1	8716	166812893847	1	1
3	1837	166812897314	1	0
4	8828	166812909232	0	0
4	4351	166812913836	1	0
4	3090	166812928363	1	0
4	5674	166812934445	0	1
0	4440	166812936780	0	1
7	2560	166812938371	0	0
6	9326	166812939328	1	0
5	4425	166812944948	0	1
3	5676	166812962597	0	1
7	3179	166812972611	0	1
3	1932	166812976994	0	1
5	4446	166812982964	0	1
1	9433	166812992216	0	1
2	2568	166813000475	0	0
1	2560	166813020179	0	0
1	9331	166813023768	1	0
0	2482	166813050762	1	1
7	5682	166813054405	0	1
5	584	166813063217	1	0
5	4423	166813067892	0	1
3	9449	166813068776	0	1
8	72	166813075081	0	0
3	3804	166813079204	0	0
1	6941	166813095254	0	1
6	3186	166813106939	0	1
1	2553	166813115411	0	0
3	1190	166813116705	1	1
4	3182	166813120939	0	1
2	1840	166813123162	1	0
1	685	166813126481	0	1
6	2458	166813130682	1	1
1	7549	166813145623	0	0
6	6219	166813150781	1	1
7	4344	166813156612	1	0
3	5063	166813157541	0	0
4	700	166813159017	0	1
3	9337	166813162856	1	0
7	6937	166813167302	0	1
6	7567	166813169215	0	0
5	3178	166813170867	0	1
0	3190	166813171723	0	1
7	3192	166813174723	0	1
7	1307	166813184578	0	0
0	3805	166813191372	0	0
6	6288	166813194046	0	0
2	8183	166813208479	0	1
5	5066	166813212981	0	0
0	6313	166813213902	0	0
5	7571	166813215159	0	0
3	80	166813216673	0	0
4	3186	166813217771	0	1
7	6314	166813220294	0	0
5	6304	166813230326	0	0
1	3787	166813231316	0	0
7	3805	166813242372	0	0
5	3706	166813244723	1	1
4	5683	166813249005	0	1
2	8194	166813258719	0	1
1	6193	166813259989	1	1
2	4447	166813263452	0	1
7	9436	166813265672	0	1
6	8803	166813268352	0	0
4	1313	166813269418	0	0
2	9425	166813281184	0	1
4	5689	166813282669	0	1
7	6329	166813283526	0	0
1	9429	166813290968	0	1
0	4429	166813293836	0	1
4	1304	166813297386	0	0
3	6946	166813309158	0	1
6	3814	166813312252	0	0
7	7462	166813314822	1	1
0	6298	166813323022	0	0
2	8791	166813325344	0	0
6	4944	166813327356	1	1
4	687	166813329897	0	1
6	8693	166813331135	1	1
6	1312	166813342778	0	0
5	5066	166813347317	0	0
7	3070	166813348163	1	0
6	4438	166813356732	0	1
4	57	166813357993	0	0
7	8178	166813359431	0	1
5	5065	166813367157	0	0
5	2558	166813377971	0	0
5	4355	166813380084	1	0
0	1305	166813386378	0	0
6	3175	166813388155	0	1
7	674	166813391425	0	1
0	1920	166813397834	0	1
3	595	166813401889	1	0
1	3168	166813407059	0	1
7	687	166813408897	0	1
4	7454	166813413038	1	1
0	6950	166813416462	0	1
2	701	166813420121	0	1
6	685	166813421881	0	1
5	7479	166813430006	1	1
7	6300	166813436934	0	0
3	1932	166813448802	0	1
2	5050	166813450781	0	0
2	3184	166813452635	0	1
4	9357	166813455536	1	0
7	7470	166813457926	1	1
1	6323	166813460310	0	0
0	1950	166813463178	0	1
3	4423	166813480548	0	1
4	690	166813482793	0	1
2	3719	166813485595	1	1
2	8814	166813487456	0	0
3	1232	166813488609	1	1
3	2441	166813489890	1	1
0	3193	166813491851	0	1
5	3821	166813503476	0	0
1	1320	166813507282	0	0
2	7537	166813517471	0	0
4	6316	166813520494	0	0
7	3186	166813521347	0	1
3	695	166813527329	0	1
1	672	166813529105	0	1
7	8180	166813536839	0	1
0	8806	166813539088	0	0
3	6229	166813543077	1	1
1	1217	166813548945	1	1
0	3184	166813550987	0	1
5	9441	166813553976	0	1
5	69	166813555441	0	0
2	687	166813561433	0	1
1	3809	166813571028	0	0
5	1287	166813580018	0	0
3	3805	166813581668	0	0
7	6295	166813582854	0	0
6	2556	166813593467	0	0
4	8826	166813595248	0	0
5	3807	166813600500	0	0
6	5676	166813603069	0	1
5	50	166813612721	0	0
5	67	166813619441	0	0
5	6310	166813628534	0	0
5	3693	166813629427	1	1
7	691	166813630913	0	1
7	8704	166813635015	1	1
5	8166	166813637943	0	1
4	2574	166813639083	0	0
2	7573	166813643551	0	0
6	1298	166813646010	0	0
3	2477	166813648098	1	1
4	3204	166813660651	0	1
4	1319	166813662698	0	0
4	6314	166813667246	0	0
7	7560	166813669255	0	0
0	3805	166813670668	0	0
1	9427	166813678680	0	1
1	4985	166813680148	1	1
3	4442	166813681188	0	1
3	8202	166813688551	0	1
5	8799	166813695928	0	0
1	6938	166813701398	0	1
6	6292	166813712830	0	0
1	9951	166813713688	1	1
5	2569	166813719667	0	0
1	9414	166813725272	0	1
6	8178	166813727871	0	1
4	4436	166813732844	0	1
0	6306	166813738510	0	0
5	5070	166813741557	0	0
5	8820	166813742904	0	0
6	4345	166813744764	1	0
7	4446	166813746372	0	1
3	5692	166813757029	0	1
7	8193	166813760199	0	1
7	9442	166813764424	0	1
0	3795	166813767436	0	0
6	2540	166813773819	0	0
6	5703	166813775549	0	1
5	3172	166813776947	0	1
4	9436	166813785776	0	1
6	1943	166813790330	0	1
7	1313	166813793282	0	0
6	6933	166813801854	0	1
3	1939	166813805474	0	1
2	6919	166813825118	0	1
7	67	166813841089	0	0
2	3172	166813850651	0	1
7	3199	166813859523	0	1
7	6919	166813866502	0	1
2	5067	166813871453	0	0
4	1295	166813882410	0	0
2	3178	166813885083	0	1
3	3197	166813886499	0	1
1	5706	166813888341	0	1
5	4323	166813904116	1	0
7	7567	166813910727	0	0
0	4437	166813917644	0	1
7	9438	166813932296	0	1
1	8176	166813940183	0	1
5	5065	166813941621	0	0
6	8188	166813950399	0	1
4	2578	166813951851	0	0
0	8174	166813956047	0	1
1	8178	166813960983	0	1
0	7569	166813969807	0	0
3	6302	166813971046	0	0
7	8203	166813971975	0	1
7	3179	166813973699	0	1
6	3804	166813996860	0	0
2	7557	166814001887	0	0
2	8827	166814007136	0	0
6	1912	166814012410	0	1
3	4424	166814016036	0	1
1	62	166814027601	0	0
6	9437	166814028544	0	1
4	3801	166814036204	0	0
7	4414	166814039684	0	1
4	1325	166814053034	0	0
7	7453	166814054470	1	1
4	4436	166814055724	0	1
6	1305	166814059002	0	0
4	4431	166814076716	0	1
5	8823	166814077560	0	0
4	5696	166814081005	0	1
4	9428	166814083376	0	1
7	8201	166814084615	0	1
5	1942	166814088562	0	1
2	2556	166814093275	0	0
7	681	166814096001	0	1
6	8806	166814100544	0	0
7	3817	166814108612	0	0
2	9359	166814120736	1	0
0	6946	166814122062	0	1
4	7474	166814123054	1	1
4	8195	166814126191	0	1
6	4421	166814130236	0	1
2	3812	166814132700	0	0
5	1940	166814134066	0	1
6	2562	166814138811	0	0
1	69	166814140945	0	0
2	1303	166814141850	0	0
6	4974	166814145340	1	1
6	1816	166814146618	1	0
0	1296	166814150858	0	0
3	6933	166814157606	0	1
6	4357	166814166716	1	0
3	9446	166814176488	0	1
7	9415	166814181896	0	1
4	5663	166814186989	0	1
3	692	166814194401	0	1
7	3193	166814195907	0	1
4	1221	166814198185	1	1
6	1307	166814212474	0	0
0	8194	166814216143	0	1
4	8822	166814217008	0	0
1	4431	166814218964	0	1
5	3707	166814232883	1	1
3	3191	166814238115	0	1
2	5058	166814246877	0	0
0	2553	166814255115	0	0
6	1922	166814257146	0	1
5	1921	166814263986	0	1
6	6205	166814266941	1	1
6	4429	166814268028	0	1
7	6304	166814269574	0	0
7	5697	166814288453	0	1
5	5687	166814292341	0	1
3	3189	166814301411	0	1
4	5700	166814306093	0	1
4	8817	166814311472	0	0
4	1937	166814314346	0	1
3	6309	166814316518	0	0
7	5682	166814323461	0	1
3	72	166814325025	0	0
2	1328	166814336666	0	0
4	3099	166814339243	1	0
1	2460	166814350290	1	1
0	1943	166814351626	0	1
1	4343	166814361492	1	0
3	4957	166814362404	1	1
3	681	166814368289	0	1
6	1302	166814371514	0	0
4	80	166814388585	0	0
2	3728	166814393755	1	1
7	3811	166814400836	0	0
7	5058	166814402693	0	0
6	5687	166814404797	0	1
6	8070	166814406463	1	0
2	6330	166814409694	0	0
6	9438	166814411712	0	1
6	5674	166814414333	0	1
1	5609	166814416597	1	0
2	6312	166814418526	0	0
0	6935	166814422478	0	1
1	4447	166814433748	0	1
6	3179	166814436411	0	1
4	8189	166814444591	0	1
3	5073	166814451493	0	0
4	1843	166814454698	1	0
4	1857	166814458410	1	0
6	1303	166814462970	0	0
3	8163	166814469351	0	1
7	1314	166814475522	0	0
2	2551	166814492187	0	0
7	1216	166814494337	1	1
6	5692	166814497853	0	1
7	6938	166814499142	0	1
6	9431	166814504576	0	1
2	7558	166814516575	0	0
3	8811	166814518696	0	0
7	1235	166814525313	1	1
6	8184	166814532287	0	1
7	8696	166814541255	1	1
7	5674	166814549637	0	1
7	3819	166814550596	0	0
0	5058	166814552717	0	0
3	3186	166814554787	0	1
2	7484	166814555870	1	1
1	8803	166814558808	0	0
1	5677	166814563989	0	1
2	6827	166814569502	1	0
5	67	166814572017	0	0
3	5051	166814581989	0	0
3	1319	166814589602	0	0
0	1935	166814593226	0	1
3	5676	166814597157	0	1
3	4419	166814608100	0	1
0	2564	166814612427	0	0
1	1945	166814614034	0	1
3	3799	166814619044	0	0
1	5686	166814630101	0	1
0	6315	166814631566	0	0
4	3821	166814634732	0	0
3	64	166814638497	0	0
6	8809	166814644736	0	0
7	6942	166814646918	0	1
6	9437	166814648064	0	1
7	9317	166814649160	1	0
0	3814	166814652300	0	0
0	4424	166814655052	0	1
6	5689	166814660989	0	1
6	3800	166814664764	0	0
6	1303	166814668922	0	0
1	3178	166814670227	0	1
0	1921	166814674762	0	1
6	9436	166814678912	0	1
7	9445	166814688968	0	1
4	7565	166814692015	0	0
4	681	166814699561	0	1
2	2548	166814706651	0	0
0	3198	166814712203	0	1
3	3712	166814713123	1	1
3	3811	166814714980	0	0
2	9955	166814722272	1	1
7	681	166814723777	0	1
5	4438	166814731508	0	1
6	2568	166814743547	0	0
2	6935	166814747614	0	1
4	6932	166814751342	0	1
5	2565	166814753779	0	0
3	6308	166814757670	0	0
6	1922	166814762746	0	1
6	3201	166814772859	0	1
4	5682	166814774893	0	1
2	8815	166814777504	0	0
2	6320	166814784990	0	0
5	3180	166814790579	0	1
5	6320	166814793526	0	0
3	65	166814795233	0	0
3	1925	166814798946	0	1
0	1927	166814800650	0	1
7	9429	166814808136	0	1
3	1822	166814809058	1	0
1	5060	166814809941	0	0
1	3810	166814812052	0	0
2	4433	166814818140	0	1
2	1941	166814820442	0	1
4	2565	166814827371	0	0
2	6838	166814837534	1	0
5	8822	166814847416	0	0
4	3193	166814849387	0	1
5	4429	166814854772	0	1
7	5058	166814860677	0	0
3	8176	166814870503	0	1
4	9452	166814878320	0	1
7	9335	166814883400	1	0
3	2447	166814884386	1	1
4	9428	166814889328	0	1
1	5055	166814891221	0	0
1	5066	166814895829	0	0
6	5697	166814902205	0	1
2	3190	166814904283	0	1
4	6929	166814907886	0	1
5	1818	166814912434	1	0
3	7543	166814920231	0	0
1	1221	166814929873	1	1
7	7553	166814931015	0	0
5	691	166814934705	0	1
3	695	166814939681	0	1
7	4432	166814941764	0	1
5	7476	166814943926	1	1
6	4441	166814947324	0	1
6	5066	166814961085	0	0
6	5062	166814967997	0	0
7	75	166814970689	0	0
6	5063	166814976253	0	0
6	1307	166814978362	0	0
4	4330	166814979884	1	0
1	9435	166814982872	0	1
1	7462	166814986966	1	1
1	6859	166815003990	1	0
3	5701	166815006821	0	1
6	3071	166815008059	1	0
7	5692	166815016709	0	1
1	1834	166815019346	1	0
4	4457	166815021356	0	1
1	4950	166815022996	1	1
7	2456	166815024450	1	1
1	6930	166815030550	0	1
0	6830	166815037006	1	0
3	9438	166815038120	0	1
3	4436	166815039844	0	1
4	694	166815043881	0	1
6	2455	166815044986	1	1
2	5707	166815048861	0	1
2	3808	166815053340	0	0
2	583	166815054681	1	0
5	6836	166815059126	1	0
7	5069	166815059973	0	0
1	5684	166815076693	0	1
0	9952	166815077712	1	1
2	1929	166815079450	0	1
3	9447	166815086056	0	1
5	1197	166815087281	1	1
7	681	166815091713	0	1
1	5691	166815096149	0	1
5	7573	166815102711	0	0
1	1943	166815104146	0	1
6	9456	166815105088	0	1
0	8160	166815107791	0	1
7	691	166815109633	0	1
2	6213	166815122333	1	1
1	2479	166815125778	1	1
8	56	166815131721	0	0
0	1929	166815135818	0	1
6	8181	166815149247	0	1
6	8814	166815153856	0	0
0	5057	166815163981	0	0
3	1939	166815165730	0	1
2	6829	166815169438	1	0
0	1927	166815181578	0	1
4	8794	166815185776	0	0
5	1311	166815190258	0	0
1	5056	166815192469	0	0
5	3726	166815204083	1	1
1	3822	166815205588	0	0
7	9440	166815218632	0	1
6	4341	166815223100	1	0
0	8193	166815224655	0	1
6	3809	166815227196	0	0
2	5062	166815234333	0	0
5	680	166815239601	0	1
5	7569	166815249207	0	0
1	8804	166815250328	0	0
3	6313	166815251878	0	0
3	8186	166815253799	0	1
5	5075	166815254901	0	0
6	3797	166815269884	0	0
1	6921	166815271382	0	1
7	2566	166815276675	0	0
7	64	166815282753	0	0
3	57	166815287329	0	0
7	6822	166815288198	1	0
0	3812	166815305356	0	0
6	8172	166815309503	0	1
1	7471	166815315030	1	1
3	3174	166815325283	0	1
0	1928	166815333898	0	1
7	4443	166815335108	0	1
5	3186	166815340211	0	1
3	3173	166815352739	0	1
2	1935	166815355098	0	1
6	8789	166815356608	0	0
7	696	166815360001	0	1
2	9452	166815364192	0	1
0	1927	166815369546	0	1
7	1288	166815370946	0	0
6	8805	166815373952	0	0
1	6957	166815376278	0	1
0	5066	166815382925	0	0
3	5674	166815383973	0	1
4	4433	166815384812	0	1
4	4354	166815386220	1	0
7	688	166815392065	0	1
0	5061	166815395149	0	0
5	8190	166815399799	0	1
6	1932	166815414074	0	1
4	8183	166815423791	0	1
1	9441	166815425304	0	1
6	8205	166815434815	0	1
6	5690	166815438845	0	1
1	43	166815440849	0	0
7	3190	166815442755	0	1
0	9451	166815443664	0	1
0	679	166815466889	0	1
0	1307	166815468938	0	0
0	4442	166815480332	0	1
2	62	166815494553	0	0
0	2451	166815498762	1	1
4	6934	166815501870	0	1
3	6329	166815509158	0	0
2	3201	166815510939	0	1
3	4431	166815515876	0	1
1	8190	166815531543	0	1
6	54	166815540793	0	0
7	3094	166815547139	1	0
3	4347	166815554724	1	0
4	6332	166815556462	0	0
3	8704	166815557607	1	1
5	6942	166815560118	0	1
7	6217	166815561157	1	1
6	9432	166815563840	0	1
1	692	166815565649	0	1
5	4442	166815567412	0	1
0	8185	166815574991	0	1
2	5056	166815576477	0	0
1	5065	166815581141	0	0
2	5064	166815583005	0	0
7	593	166815590913	1	0
1	5064	166815591829	0	0
7	7578	166815602631	0	0
3	3733	166815606307	1	1
3	3190	166815614115	0	1
7	1854	166815620610	1	0
4	4430	166815624492	0	1
4	67	166815626217	0	0
0	9974	166815629584	1	1
1	667	166815631377	0	1
0	5588	166815652109	1	0
6	9434	166815653376	0	1
5	80	166815662321	0	0
7	44	166815670721	0	0
4	5074	166815672493	0	0
7	3182	166815674179	0	1
6	3181	166815679739	0	1
7	686	166815680769	0	1
0	8183	166815682319	0	1
4	678	166815684009	0	1
7	73	166815685505	0	0
7	3197	166815692547	0	1
1	4443	166815699732	0	1
7	2563	166815711491	0	0
2	72	166815715481	0	0
6	3798	166815717500	0	0
0	3095	166815729483	1	0
0	1326	166815732874	0	0
2	679	166815737369	0	1
1	5686	166815739925	0	1
1	8080	166815750295	1	0
5	1817	166815751602	1	0
3	2562	166815756963	0	0
6	5036	166815764157	0	0
1	9412	166815767768	0	1
3	8191	166815772967	0	1
5	8799	166815774776	0	0
3	3808	166815805284	0	0
5	4438	166815807284	0	1
7	678	166815816641	0	1
6	9442	166815817600	0	1
7	1828	166815819458	1	0
4	4948	166815823468	1	1
2	696	166815824857	0	1
7	8186	166815826439	0	1
1	3108	166815830803	1	0
3	1927	166815832098	0	1
7	3806	166815838020	0	0
5	3079	166815855539	1	0
2	1850	166815859482	1	0
0	7449	166815864398	1	1
1	3714	166815875667	1	1
0	3194	166815878219	0	1
6	8187	166815880511	0	1
2	6231	166815881373	1	1
8	57	166815887241	0	0
5	1290	166815889778	0	0
4	6837	166815891886	1	0
8	64	166815896265	0	0
7	673	166815901505	0	1
4	4334	166815902572	1	0
5	6294	166815906038	0	0
3	3826	166815911268	0	0
1	5689	166815917909	0	1
7	6194	166815918917	1	1
0	2553	166815933323	0	0
3	4432	166815935332	0	1
5	2458	166815941362	1	1
4	5676	166815951021	0	1
7	679	166815953345	0	1
7	1941	166815959042	0	1
6	3793	166815962172	0	0
5	7554	166815963319	0	0
7	1311	166815965122	0	0
4	6946	166815971310	0	1
4	6204	166815973805	1	1
1	67	166815983249	0	0
0	6918	166815985102	0	1
6	5072	166815987389	0	0
5	67	166815988785	0	0
6	678	166815989881	0	1
2	3826	166815992860	0	0
2	5056	166815994653	0	0
3	7567	166815998247	0	0
4	3807	166816004268	0	0
6	8717	166816006719	1	1
4	8191	166816010479	0	1
3	4423	166816020260	0	1
3	8180	166816033127	0	1
5	1292	166816036914	0	0
0	1932	166816045578	0	1
3	1224	166816053665	1	1
6	8181	166816054911	0	1
7	3175	166816058307	0	1
5	5684	166816064437	0	1
3	9421	166816077864	0	1
0	6947	166816080078	0	1
0	1932	166816082314	0	1
3	6210	166816089253	1	1
5	3103	166816093363	1	0
3	4336	166816104164	1	0
6	8101	166816108863	1	0
6	8177	166816117439	0	1
4	6929	166816129774	0	1
7	5068	166816138757	0	0
6	1299	166816141818	0	0
3	7441	166816149862	1	1
5	1944	166816160178	0	1
2	8708	166816161183	1	1
4	2549	166816165547	0	0
3	6929	166816172582	0	1
3	1315	166816175010	0	0
5	8181	166816182583	0	1
4	704	166816188969	0	1
3	1832	166816200802	1	0
2	8808	166816225312	0	0
7	2565	166816231043	0	0
3	6318	166816236198	0	0
2	1938	166816239642	0	1
6	55	166816246713	0	0
5	3187	166816249587	0	1
3	52	166816253729	0	0
2	2567	166816259355	0	0
4	3172	166816264235	0	1
6	8801	166816267456	0	0
6	6314	166816271230	0	0
2	2473	166816277274	1	1
5	6840	166816281206	1	0
1	3804	166816285204	0	0
5	1841	166816286130	1	0
7	5668	166816293893	0	1
4	9433	166816294896	0	1
7	7567	166816301191	0	0
2	9952	166816302176	1	1
7	9351	166816304328	1	0
6	5684	166816305277	0	1
3	6311	166816324646	0	0
6	5568	166816337085	1	0
4	9434	166816340208	0	1
4	4437	166816341676	0	1
4	1206	166816350697	1	1
7	8190	166816352903	0	1
7	6318	166816363846	0	0
6	7571	166816365631	0	0
3	671	166816370465	0	1
0	1951	166816372490	0	1
7	3719	166816374595	1	1
2	4964	166816375900	1	1
4	8186	166816379055	0	1
2	1201	166816397977	1	1
7	4944	166816408836	1	1
4	8822	166816411120	0	0
6	8806	166816414848	0	0
4	5694	166816417197	0	1
4	2561	166816425323	0	0
6	2562	166816426811	0	0
1	4946	166816428244	1	1
0	8799	166816434896	0	0
4	9971	166816440368	1	1
6	8183	166816441791	0	1
3	5061	166816458405	0	0
6	9443	166816460032	0	1
0	6939	166816461006	0	1
1	7568	166816466455	0	0
7	7448	166816467846	1	1
2	3172	166816471195	0	1
2	1939	166816478234	0	1
1	5579	166816499797	1	0
2	7570	166816511903	0	0
2	6198	166816513117	1	1
3	4344	166816516772	1	0
2	5057	166816523933	0	0
1	5062	166816527509	0	0
7	6324	166816528902	0	0
1	9446	166816530456	0	1
7	5052	166816547013	0	0
7	8169	166816549383	0	1
1	6937	166816550422	0	1
7	8694	166816551879	1	1
2	6296	166816555678	0	0
7	1319	166816560322	0	0
2	3729	166816564507	1	1
6	76	166816573433	0	0
7	9976	166816574472	1	1
6	6936	166816576446	0	1
3	1296	166816580834	0	0
3	7482	166816582822	1	1
3	8174	166816585511	0	1
4	3808	166816592492	0	0
4	5689	166816599469	0	1
7	6328	166816601286	0	0
1	8190	166816612119	0	1
3	1199	166816621217	1	1
0	3804	166816627020	0	0
5	1936	166816628018	0	1
7	5673	166816633093	0	1
3	3176	166816637219	0	1
1	694	166816642449	0	1
1	8821	166816643480	0	0
3	8810	166816653800	0	0
1	1934	166816655250	0	1
1	8806	166816658200	0	0
7	6306	166816660742	0	0
5	5060	166816664821	0	0
4	66	166816666729	0	0
1	4971	166816670228	1	1
2	5062	166816680157	0	0
3	52	166816682465	0	0
0	7563	166816691215	0	0
3	71	166816694049	0	0
4	674	166816701609	0	1
3	4958	166816703268	1	1
3	8800	166816708968	0	0
0	8698	166816711631	1	1
1	6306	166816713174	0	0
1	8822	166816718744	0	0
3	8710	166816721639	1	1
2	8172	166816731039	0	1
6	3077	166816732475	1	0
4	5041	166816740333	0	0
4	4427	166816742444	0	1
2	5062	166816743453	0	0
3	8192	166816751527	0	1
7	8806	166816759880	0	0
4	9430	166816762416	0	1
0	1922	166816767690	0	1
7	1833	166816777986	1	0
0	4426	166816781708	0	1
7	5691	166816788037	0	1
0	8186	166816790543	0	1
0	1946	166816791498	0	1
7	5687	166816793029	0	1
7	8789	166816794376	0	0
0	1944	166816797642	0	1
1	5682	166816801877	0	1
3	3808	166816805796	0	0
5	2564	166816815475	0	0
0	5584	166816817741	1	0
7	1297	166816821250	0	0
8	62	166816824585	0	0
0	671	166816834889	0	1
7	5046	166816837765	0	0
7	1943	166816840642	0	1
2	6306	166816843614	0	0
7	2568	166816848195	0	0
1	3176	166816850579	0	1
4	8189	166816852655	0	1
3	5692	166816853797	0	1
0	1224	166816855945	1	1
3	1321	166816857826	0	0
3	5689	166816868389	0	1
6	7538	166816871615	0	0
5	8809	166816877816	0	0
5	9438	166816882424	0	1
4	5600	166816884461	1	0
1	8176	166816902359	0	1
3	1852	166816908450	1	0
6	7444	166816910462	1	1
5	5066	166816912053	0	0
1	2576	166816913107	0	0
0	1945	166816916490	0	1
3	6201	166816917477	1	1
3	5592	166816919653	1	0
5	4433	166816925108	0	1
4	5684	166816928749	0	1
6	8697	166816929727	1	1
6	6307	166816934846	0	0
6	65	166816957369	0	0
2	4441	166816958364	0	1
7	2559	166816959555	0	0
0	2561	166816964811	0	0
6	6298	166816967038	0	0
5	9982	166816970936	1	1
6	1226	166816972345	1	1
2	4439	166816973404	0	1
0	6940	166816981070	0	1
7	8205	166816987207	0	1
4	3161	166816991083	0	1
7	6942	166817003718	0	1
6	7574	166817008063	0	0
2	7553	166817013855	0	0
0	7455	166817017358	1	1
7	2455	166817021250	1	1
5	4448	166817033652	0	1
2	3795	166817037852	0	0
5	6313	166817039926	0	0
4	3816	166817042092	0	0
2	1935	166817053274	0	1
0	2558	166817064075	0	0
2	7555	166817066975	0	0
3	7557	166817072807	0	0
7	9436	166817077192	0	1
0	8802	166817082512	0	0
4	4435	166817087916	0	1
4	8184	166817097135	0	1
3	6945	166817106214	0	1
1	7568	166817107799	0	0
7	4942	166817108932	1	1
4	6294	166817128494	0	0
0	7477	166817130766	1	1
6	9951	166817142528	1	1
2	9343	166817156704	1	0
5	3195	166817164083	0	1
2	64	166817174105	0	0
5	2567	166817178803	0	0
6	6832	166817182974	1	0
6	5566	166817183933	1	0
6	8797	166817187392	0	0
5	6294	166817193846	0	0
6	3820	166817200892	0	0
6	9436	166817202304	0	1
1	3807	166817204244	0	0
2	9341	166817212640	1	0
2	3805	166817216284	0	0
2	59	166817222809	0	0
6	69	166817226361	0	0
4	5058	166817233645	0	0
1	1307	166817234834	0	0
5	8087	166817237559	1	0
5	43	166817240945	0	0
2	4429	166817245852	0	1
3	8181	166817253351	0	1
7	7558	166817257671	0	0
7	4329	166817259588	1	0
5	7575	166817260535	0	0
6	4428	166817269564	0	1
6	6330	166817271486	0	0
2	6921	166817274398	0	1
3	1302	166817277730	0	0
2	80	166817279513	0	0
1	9445	166817281176	0	1
4	9938	166817282352	1	1
1	5068	166817284181	0	0
7	67	166817285441	0	0
1	8185	166817290647	0	1
3	6945	166817294694	0	1
3	3816	166817301284	0	0
3	4945	166817303588	1	1
4	8713	166817307823	1	1
3	3708	166817312739	1	1
3	4447	166817316068	0	1
2	6917	166817341150	0	1
6	1318	166817344506	0	0
6	7550	166817346431	0	0
6	3815	166817351036	0	0
5	50	166817353457	0	0
0	5576	166817356493	1	0
1	5051	166817358421	0	0
5	7571	166817362551	0	0
5	4432	166817363892	0	1
1	2555	166817367059	0	0
7	1288	166817384450	0	0
6	6933	166817387710	0	1
3	1949	166817389730	0	1
7	1294	166817395714	0	0
3	57	166817397857	0	0
3	3808	166817411044	0	0
1	6941	166817420822	0	1
2	70	166817421657	0	0
2	1948	166817424282	0	1
1	53	166817425361	0	0
7	3805	166817426628	0	0
6	5660	166817430397	0	1
7	6318	166817435462	0	0
5	7561	166817445047	0	0
1	72	166817451921	0	0
5	9428	166817457016	0	1
4	9453	166817459824	0	1
4	6928	166817466094	0	1
7	3188	166817467075	0	1
7	1307	166817477634	0	0
6	6944	166817479742	0	1
6	9421	166817480832	0	1
1	5690	166817484885	0	1
7	7561	166817486791	0	0
0	7445	166817488142	1	1
6	6831	166817490750	1	0
5	60	166817498161	0	0
3	8195	166817501223	0	1
5	1928	166817502898	0	1
0	2555	166817509131	0	0
6	7541	166817510719	0	0
1	695	166817514385	0	1
7	8810	166817515656	0	0
1	67	166817517777	0	0
1	5062	166817519445	0	0
2	5060	166817521309	0	0
2	7557	166817526943	0	0
3	9431	166817536680	0	1
6	8186	166817543551	0	1
1	1318	166817549010	0	0
2	9319	166817550496	1	0
5	3810	166817553268	0	0
7	8788	166817554952	0	0
7	1930	166817561282	0	1
2	9435	166817564640	0	1
0	5684	166817566605	0	1
3	1843	166817567970	1	0
2	1311	166817569306	0	0
7	668	166817572673	0	1
5	9415	166817574008	0	1
6	4438	166817575100	0	1
5	8708	166817577911	1	1
5	1947	166817580402	0	1
5	5685	166817581365	0	1
4	6934	166817584750	0	1
7	64	166817587905	0	0
1	9444	166817590232	0	1
6	5686	166817595453	0	1
0	6315	166817597838	0	0
7	704	166817605377	0	1
1	9429	166817607384	0	1
5	5673	166817609461	0	1
0	3179	166817611275	0	1
0	6928	166817612494	0	1
7	1291	166817622658	0	0
2	2548	166817627227	0	0
8	66	166817634761	0	0
1	1319	166817635666	0	0
7	3805	166817637828	0	0
5	8797	166817647800	0	0
1	55	166817650001	0	0
2	9441	166817653664	0	1
0	8190	166817663055	0	1
3	5688	166817680613	0	1
6	8073	166817681919	1	0
0	5040	166817684685	0	0
7	1232	166817690561	1	1
4	692	166817695401	0	1
7	2461	166817697922	1	1
4	1312	166817700778	0	0
4	5057	166817702125	0	0
5	5058	166817703285	0	0
1	8189	166817714007	0	1
7	5040	166817725125	0	0
1	9443	166817728664	0	1
1	6950	166817729942	0	1
7	9437	166817735240	0	1
5	5692	166817742005	0	1
0	1839	166817746826	1	0
5	4433	166817748916	0	1
2	1206	166817750297	1	1
7	5684	166817753413	0	1
5	9444	166817755128	0	1
6	3178	166817756027	0	1
1	6921	166817759190	0	1
0	1942	166817769994	0	1
2	6937	166817771870	0	1
3	7549	166817779623	0	0
1	74	166817780497	0	0
3	6316	166817790758	0	0
0	3810	166817801228	0	0
7	1310	166817808194	0	0
0	5679	166817811789	0	1
1	3801	166817813332	0	0
5	608	166817820465	1	0
1	693	166817822993	0	1
5	1298	166817825330	0	0
6	4439	166817833084	0	1
4	1927	166817840938	0	1
3	5073	166817842149	0	0
2	8190	166817844831	0	1
2	7567	166817850079	0	0
2	8691	166817851103	1	1
6	6315	166817852094	0	0
1	5694	166817859349	0	1
6	5676	166817860797	0	1
1	1952	166817863634	0	1
6	1930	166817871994	0	1
0	9417	166817875728	0	1
1	8808	166817880408	0	0
5	1932	166817884786	0	1
1	9419	166817893144	0	1
4	3729	166817895211	1	1
5	57	166817898097	0	0
0	6285	166817903502	0	0
4	3807	166817905964	0	0
3	5052	166817908517	0	0
0	1308	166817912714	0	0
3	4447	166817923556	0	1
1	1944	166817933714	0	1
3	9970	166817937704	1	1
0	3184	166817946123	0	1
5	8178	166817948855	0	1
3	8816	166817955816	0	0
5	680	166817962481	0	1
1	3182	166817967763	0	1
4	6854	166817971630	1	0
3	4430	166817974692	0	1
5	2558	166817976307	0	0
4	9410	166817984112	0	1
0	7551	166817985807	0	0
1	9434	166817991832	0	1
2	3075	166817993243	1	0
0	1929	166817995210	0	1
1	7454	166817997014	1	1
4	5045	166818005485	0	0
6	3716	166818019131	1	1
0	4437	166818025996	0	1
2	9327	166818033952	1	0
7	1329	166818035586	0	0
5	7565	166818040439	0	0
6	6316	166818043902	0	0
7	1850	166818056130	1	0
5	1295	166818057330	0	0
3	6830	166818076774	1	0
3	3814	166818082852	0	0
8	78	166818092745	0	0
0	8194	166818103631	0	1
5	3801	166818110324	0	0
3	3070	166818111203	1	0
4	8177	166818115759	0	1
6	4450	166818118652	0	1
3	8812	166818121256	0	0
3	1225	166818125025	1	1
0	5679	166818128205	0	1
1	7468	166818129046	1	1
4	8186	166818130671	0	1
2	9322	166818131616	1	0
2	686	166818136537	0	1
6	6835	166818155646	1	0
5	3820	166818160244	0	0
7	2570	166818161475	0	0
5	4457	166818162420	0	1
1	4438	166818168276	0	1
1	7558	166818169431	0	0
3	5058	166818170341	0	0
0	9357	166818174864	1	0
2	3178	166818179419	0	1
1	4429	166818181332	0	1
7	8191	166818193095	0	1
5	9972	166818196024	1	1
0	8190	166818198671	0	1
5	8810	166818203192	0	0
7	1949	166818204226	0	1
4	6304	166818206382	0	0
4	8166	166818209519	0	1
5	5569	166818216181	1	0
0	2557	166818219659	0	0
1	3807	166818221268	0	0
2	2544	166818236187	0	0
4	1933	166818238698	0	1
7	6935	166818240262	0	1
0	1943	166818244618	0	1
4	8817	166818245808	0	0
7	3724	166818247107	1	1
7	3800	166818250436	0	0
4	4985	166818257452	1	1
2	8166	166818265119	0	1
6	3174	166818266747	0	1
2	689	166818269785	0	1
7	7564	166818272391	0	0
6	9442	166818274688	0	1
7	8185	166818277191	0	1
0	3807	166818280524	0	0
7	6316	166818283270	0	0
0	7558	166818284431	0	0
2	692	166818285721	0	1
1	9430	166818286680	0	1
2	9967	166818300576	1	1
7	1219	166818302785	1	1
2	8196	166818321375	0	1
7	5054	166818329093	0	0
2	6310	166818330526	0	0
3	1933	166818357410	0	1
2	9432	166818359584	0	1
7	9431	166818367432	0	1
4	6944	166818386606	0	1
3	6317	166818388006	0	0
2	8066	166818389599	1	0
7	5695	166818396549	0	1
3	5692	166818398245	0	1
6	6933	166818407806	0	1
7	4419	166818411012	0	1
7	8192	166818413447	0	1
1	5677	166818421397	0	1
7	690	166818424769	0	1
6	8166	166818425727	0	1
6	692	166818443897	0	1
3	6314	166818445478	0	0
5	674	166818447921	0	1
3	6315	166818452134	0	0
3	685	166818454945	0	1
3	1938	166818460514	0	1
7	9320	166818461960	1	0
3	8718	166818464295	1	1
4	1946	166818466218	0	1
7	3189	166818470723	0	1
6	6933	166818474430	0	1
4	66	166818490217	0	0
1	706	166818503441	0	1
6	8819	166818511872	0	0
3	2572	166818528867	0	0
2	8191	166818539743	0	1
5	689	166818541169	0	1
5	1309	166818542386	0	0
4	3189	166818550251	0	1
2	9440	166818551136	0	1
4	55	166818556137	0	0
6	5683	166818558397	0	1
6	1292	166818563834	0	0
2	3702	166818571611	1	1
1	5045	166818593045	0	0
0	2580	166818597451	0	0
4	6912	166818598446	0	1
5	9334	166818608888	1	0
2	6319	166818615390	0	0
7	9331	166818619272	1	0
6	5683	166818633213	0	1
2	8204	166818665759	0	1
3	7567	166818668391	0	0
1	3195	166818669523	0	1
2	5056	166818671197	0	0
2	1948	166818674074	0	1
0	3715	166818692427	1	1
2	583	166818693337	1	0
7	6298	166818695430	0	0
0	2564	166818697227	0	0
0	3823	166818701900	0	0
0	4444	166818704012	0	1
0	2544	166818704971	0	0
1	8827	166818705816	0	0
6	9958	166818709632	1	1
6	6322	166818710974	0	0
7	5060	166818719301	0	0
4	9428	166818728176	0	1
0	8174	166818730255	0	1
2	2569	166818732891	0	0
5	691	166818733745	0	1
1	2565	166818737171	0	0
0	8823	166818739408	0	0
2	3802	166818742620	0	0
3	4451	166818747108	0	1
7	9425	166818753096	0	1
3	6223	166818754917	1	1
3	5051	166818760165	0	0
2	1309	166818764506	0	0
7	5691	166818765701	0	1
7	698	166818776001	0	1
4	6928	166818782830	0	1
5	62	166818793009	0	0
1	44	166818797009	0	0
0	2558	166818799435	0	0
0	4418	166818803724	0	1
7	4430	166818816324	0	1
1	8081	166818817431	1	0
2	58	166818828633	0	0
6	6305	166818831614	0	0
5	3180	166818838067	0	1
5	686	166818840945	0	1
2	8733	166818842335	1	1
2	5064	166818843997	0	0
2	8709	166818847391	1	1
3	48	166818848481	0	0
0	6317	166818851086	0	0
2	9412	166818853728	0	1
4	5052	166818856685	0	0
3	707	166818858593	0	1
2	6937	166818862878	0	1
2	4959	166818881756	1	1
6	3808	166818883516	0	0
4	3174	166818887147	0	1
2	2545	166818896283	0	0
5	68	166818898161	0	0
7	3818	166818899460	0	0
7	3181	166818903235	0	1
1	7450	166818904918	1	1
3	3711	166818915491	1	1
1	5074	166818916501	0	0
4	2550	166818922603	0	0
2	1317	166818924634	0	0
0	8711	166818934031	1	1
0	662	166818937929	0	1
1	1932	166818940242	0	1
0	2553	166818950347	0	0
3	8717	166818961639	1	1
7	5060	166818968965	0	0
7	6936	166818975814	0	1
3	5080	166818976677	0	0
2	4435	166818985308	0	1
7	5046	166818991301	0	0
3	9436	166818993128	0	1
7	5693	166819001925	0	1
2	7561	166819017503	0	0
6	4419	166819021500	0	1
2	6820	166819023006	1	0
7	1939	166819033154	0	1
1	5073	166819038997	0	0
7	9433	166819042760	0	1
3	9438	166819044840	0	1
1	65	166819048273	0	0
5	1943	166819050162	0	1
0	3830	166819056972	0	0
1	3089	166819063763	1	0
0	3186	166819065163	0	1
7	74	166819069121	0	0
7	1319	166819078274	0	0
0	695	166819085385	0	1
3	6938	166819095142	0	1
2	9324	166819097568	1	0
3	5691	166819101605	0	1
8	46	166819107849	0	0
6	2443	166819109114	1	1
1	8821	166819111064	0	0
0	8702	166819112463	1	1
1	7558	166819135767	0	0
6	1306	166819152122	0	0
2	6834	166819153310	1	0
0	2568	166819155147	0	0
6	2558	166819169275	0	0
0	2573	166819173643	0	0
5	8181	166819177335	0	1
5	5057	166819190133	0	0
5	6943	166819191222	0	1
0	8817	166819196112	0	0
1	8805	166819215512	0	0
2	9314	166819221728	1	0
5	3811	166819228532	0	0
1	4422	166819237140	0	1
7	6940	166819238854	0	1
4	1939	166819247082	0	1
4	9423	166819248880	0	1
3	3182	166819251363	0	1
